642815
642992
644689
657341
661699
661700
663583
665307
665325
665374
665521
665727
666597
666696
669013
677396
677405
687651
688127
791703
791705
916732
957019
958427
958442
958443
984440
984441
984442
994900
1090199
1090489
1090518
1090519
1090520
1090521
1092199
1106713
1111740
1111813
1111834
1112029
1112030
1115288
1116027
1116028
1116645
1116646
1117229
1117230
1117242
1121884
1121887
1122555
1122556
1122710
1122711
1122724
1123479
1126347
1131693
1131899
1138907
1138908
1138909
1139293
1139590
1139919
1139920
1139921
1139922
1139923
1139942
1140308
1140398
1140686
1140687
1144709
1145587
1147106
1147107
1147355
1147356
1147357
1157511
1157512
1157513
1157582
1157592
1162935
1162940
1162958
1167607
1167608
1167609
1167610
1167611
1167612
1167613
1167614
1167615
1167616
1167617
1167618
1167619
1167620
1167621
1167622
1167623
1167624
1167625
1167626
1167627
1168450
1168862
1168879
1169203
1169204
1169205
1169210
1169228
1169312
1169353
1170143
1170144
1170220
1170221
1171586
1171613
1175504
1175524
1175547
1175548
1176066
1177921
1178057
1178058
1178063
1178277
1178446
1178489
1178643
1180303
1182895
1184973
1190062
1195686
1198423
1198451
1198457
1198479
1198523
1198592
1198709
1198710
1198784
1199781
1200889
1221046
1221065
1221318
1221319
1221320
1221321
1223806
1227222
1227361
1227362
1228086
1228444
1232095
1235862
1236230
1250783
1251815
1252874
1252875
1252876
1252877
1252878
1252879
1252901
1252906
1252907
1252918
1253224
1273609
1273610
1273679
1273905
1273906
1273907
1273908
1273909
1273910
1273911
1273912
1273913
1273914
1273915
1273916
1273917
1273918
1273919
1273920
1273921
1273922
1273926
1273927
1273928
1273930
1273931
1273932
1273933
1273934
1273935
1273936
1273937
1273938
1277626
1277627
1277628
1277629
1277630
1277631
1277632
1277633
1277634
1277635
1277636
1277637
1277638
1277639
1277640
1277641
1277642
1277643
1277644
1277645
1277646
1277647
1277648
1277649
1277650
1277651
1277652
1277653
1277902
1277903
1277904
1277905
1277906
1277907
1277908
1277909
1277910
1277911
1277912
1277913
1277914
1277915
1277916
1277917
1277918
1277919
1277920
1277921
1277922
1277923
1277924
1277925
1277926
1277927
1277928
1277929
1279277
1279287
1280208
1285886
1288111
1288112
1288113
1294616
1294617
1294626
1294627
1294628
1296547
1301475
1301491
1301506
1301551
1320792
1320793
1321994
1323373
1327450
1327451
1327452
1327453
1327454
1327455
1327456
1327457
1327458
1328039
1328040
1328692
1328693
1328694
1328695
1328696
1328697
1328698
1328699
1329151
1329153
1329472
1329474
1329595
1333605
1333675
1334172
1334173
1335518
1335519
1335520
1336080
1348943
1352422
1352423
1353228
1353229
1356637
1359602
1359612
1359613
1359614
1359615
1359616
1359617
1359618
1359695
1359696
1359755
1359797
1359798
1359799
1359800
1359801
1359802
1359803
1359804
1359805
1359806
1359807
1359808
1359809
1359810
1359811
1359812
1359813
1359814
1359815
1359816
1359817
1359818
1359819
1359820
1359821
1359822
1359823
1359824
1359825
1359826
1359827
1359828
1359829
1359830
1360499
1360500
1360501
1360603
1360604
1360606
1361555
1367164
1367165
1367166
1367167
1367168
1367169
1367195
1370403
1370404
1370652
1377748
1385632
1385681
1385748
1385754
1385893
1385894
1385895
1385896
1385897
1385898
1385899
1385900
1386650
1386656
1386657
1386659
1386661
1386662
1386664
1386787
1388693
1388694
1388695
1389075
1389831
1389832
1389833
1389834
1389835
1389836
1389837
1389838
1389839
1389840
1389841
1389842
1389843
1389844
1389845
1389846
1389847
1393481
1393482
1393676
1393838
1393839
1394086
1394087
1394143
1394298
1394299
1394342
1394368
1394436
1394437
1395006
1397814
1397815
1399042
1399064
1399065
1399066
1399067
1399072
1399088
1402792
1422367
1422382
1422556
1427709
1427710
1427956
1428638
1428639
1430107
1435523
1435544
1437238
1437239
1437240
1437241
1437242
1437243
1437244
1437245
1437246
1437329
1437330
1437331
1437332
1437333
1437334
1437335
1437336
1437337
1437437
1437691
1437693
1437723
1437724
1437725
1437734
1437737
1438624
1438625
1438626
1438627
1439551
1439552
1439553
1439554
1454424
1455164
1455165
1455406
1455407
1458361
1458561
1465966
1465967
1465968
1465969
1465970
1465971
1465972
1465973
1465974
1465975
1466012
1466013
1466014
1466015
1466016
1466029
1466030
1466031
1466036
1466148
1466149
1466150
1466366
1466372
1466373
1466374
1466375
1466376
1466377
1466378
1466379
1466380
1466381
1466416
1466417
1466418
1466419
1466420
1466421
1466422
1466423
1466424
1466425
1466426
1466427
1466428
1466429
1466430
1466431
1466432
1466571
1466572
1466573
1466574
1466575
1466766
1466786
1466787
1466788
1466789
1466790
1466791
1466796
1466797
1466798
1466799
1466800
1466801
1466802
1466853
1466854
1466855
1466856
1466857
1466858
1466859
1466909
1467134
1467135
1467136
1467137
1467138
1467139
1467140
1467141
1467142
1467143
1467207
1468061
1468352
1468353
1468354
1469316
1469358
1469359
1469360
1469361
1469362
1469363
1469364
1469365
1469366
1469367
1469368
1469369
1469370
1469371
1469372
1469373
1469374
1469375
1469376
1469377
1469378
1469379
1469380
1469382
1469383
1469384
1469385
1469386
1469387
1469388
1469389
1469390
1469391
1469392
1469393
1469394
1469395
1469396
1469397
1469398
1469734
1469735
1469736
1469737
1469738
1469739
1469740
1469741
1469742
1469743
1469744
1469745
1469746
1469747
1469748
1469749
1469750
1469751
1469752
1469753
1469754
1469755
1469757
1469758
1469759
1469760
1469761
1469762
1469763
1469764
1469765
1469766
1470007
1471457
1471740
1471741
1471742
1471743
1471744
1471745
1471746
1471747
1471839
1471840
1471845
1471982
1471983
1472010
1472011
1472012
1472013
1472014
1472015
1472016
1472017
1472018
1472019
1472026
1472548
1475980
1477848
1478014
1478015
1478016
1478017
1478018
1478019
1478020
1478021
1478045
1483688
1483693
1483694
1484894
1484895
1484914
1484915
1484949
1484987
1485135
1485169
1485215
1485279
1485647
1485770
1485771
1485772
1485773
1486156
1486157
1486676
1486677
1486678
1486679
1486680
1486681
1486682
1487672
1487673
1487678
1487679
1487680
1487829
1493097
1493098
1493099
1493100
1493101
1493102
1493103
1493104
1493108
1493112
1493114
1493116
1493117
1493118
1493119
1493121
1493122
1493123
1493124
1493125
1493126
1493127
1493128
1493129
1493130
1493131
1493132
1493133
1493134
1493135
1493511
1493939
1494684
1494826
1494828
1495157
1495159
1495181
1495182
1507751
1508916
1515492
1516728
1516737
1516738
1516739
1516740
1516741
1517445
1517522
1517771
1517835
1517836
1529720
1529737
1535970
1535971
1535972
1535973
1540046
1540047
1540048
1540049
1540120
1540130
1540766
1541299
1541300
1541301
1541302
1541303
1541304
1541305
1541306
1541307
1541749
1541750
1541751
1541752
1541753
1541754
1541755
1543487
1544528
1544750
1544751
1544752
1545859
1546295
1546296
1551469
1551470
1551471
1551472
1551473
1551474
1551475
1551476
1551477
1551478
1551479
1551480
1551481
1551482
1551483
1551484
1551485
1551486
1551487
1551488
1551489
1551490
1551553
1551554
1551555
1551556
1551557
1551558
1551559
1551560
1551561
1551562
1551563
1551564
1551565
1551566
1551567
1551568
1551569
1551570
1551571
1551572
1551573
1552200
1552201
1554168
1554932
1555395
1559658
1559713
1559953
1560186
1561326
1567746
1567747
1569627
1570155
1570156
1570179
1570180
1570181
1571566
1571571
1576159
1577370
1581306
1608286
1608587
1611267
1618310
1618313
1618566
1618567
1618568
1618569
1618570
1618571
1618572
1618573
1618574
1627850
1627851
1627852
1628448
1628449
1628471
1628472
1628473
1628474
1628475
1628476
1628477
1628478
1628479
1628480
1628481
1628482
1628483
1628484
1629595
1629600
1629819
1629820
1629828
1629829
1629830
1629840
1629841
1629842
1629850
1629851
1629852
1629853
1629854
1629862
1629870
1629871
1629879
1629887
1629895
1629903
1630005
1632190
1632191
1632192
1632193
1632194
1632195
1632196
1632197
1632198
1632199
1632200
1632201
1632202
1632203
1632328
1632329
1632330
1632331
1632332
1632333
1632334
1632721
1632722
1632723
1632724
1632725
1632726
1632727
1632728
1632729
1632730
1632731
1632732
1632733
1632734
1632763
1633103
1633164
1633165
1633166
1633167
1633168
1633169
1633170
1633171
1633172
1633173
1633174
1633175
1633176
1633177
1633346
1633347
1633348
1633349
1633350
1633352
1633353
1633354
1633355
1633356
1633357
1633358
1633359
1633360
1633426
1633619
1633624
1633625
1633626
1633627
1633628
1633629
1633630
1633631
1633632
1633633
1633634
1633635
1633636
1633637
1639933
1639934
1640919
1641019
1641020
1641031
1641032
1641496
1641497
1642009
1642010
1653794
1662523
1662524
1662525
1662526
1662527
1662528
1662529
1662530
1662531
1662532
1662533
1662647
1662650
1662665
1662743
1662752
1662774
1662802
1662841
1691964
1692990
1692991
1692992
1692993
1692994
1692995
1692996
1692997
1692998
1692999
1693000
1693001
1693002
1693003
1693021
1693042
1693050
1693051
1693052
1693053
1693054
1693055
1693056
1693057
1693058
1693059
1693060
1693061
1695993
1704815
1704816
1704817
1704818
1704819
1704820
1704821
1704969
1704972
1704975
1704976
1704980
1704982
1704984
1705151
1705152
1705153
1705154
1705162
1705163
1705164
1705165
1705166
1705167
1705168
1705169
1705170
1705171
1705288
1705289
1705290
1705297
1705302
1705303
1705304
1705307
1705309
1705310
1705390
1705391
1705392
1705393
1705394
1705395
1705396
1705397
1705398
1705399
1705455
1705456
1705457
1705458
1705459
1705460
1705461
1705462
1705463
1705464
1705683
1705684
1705685
1705686
1705687
1705688
1705689
1705690
1705691
1705692
1705742
1705743
1705744
1705745
1705746
1705747
1705748
1705749
1705750
1705751
1705820
1705821
1705822
1705823
1705824
1705825
1705831
1705834
1705835
1705836
1706113
1706115
1706116
1706117
1706118
1706119
1706191
1706192
1706193
1706194
1706195
1706196
1706212
1706218
1706219
1706220
1706221
1706290
1706291
1706292
1706293
1706294
1706295
1706296
1706297
1706298
1706299
1706300
1706301
1706302
1706303
1706304
1706305
1706306
1706307
1706308
1706309
1706310
1706311
1706312
1706313
1706314
1706315
1706316
1706317
1706342
1706343
1706344
1706345
1706346
1706347
1706348
1706349
1706350
1706351
1706352
1706353
1706354
1706355
1706356
1706357
1706358
1706359
1706360
1706361
1706362
1706363
1706364
1706365
1706366
1706367
1706368
1706369
1706370
1706371
1706390
1706391
1706392
1706393
1706394
1706395
1706396
1706397
1706398
1706399
1706400
1706401
1706402
1706403
1706404
1706405
1706406
1706407
1706408
1706409
1706410
1706411
1706412
1706413
1706414
1706415
1706416
1706417
1706418
1706419
1706420
1706421
1706482
1706766
1706788
1706823
1707316
1707527
1707560
1707593
1707608
1707841
1707860
1707863
1707878
1707932
1707943
1707993
1708086
1708109
1708132
1708133
1708361
1708362
1708520
1708555
1708572
1709080
1709260
1709261
1709262
1709263
1709264
1709265
1709266
1709267
1709268
1709269
1709270
1709271
1709272
1709273
1709274
1709275
1709276
1709277
1709278
1709412
1709464
1718663
1718696
1718698
1718699
1720336
1721889
1721890
1722169
1722476
1722477
1731038
1731039
1731040
1731041
1731042
1731043
1731044
1731045
1731046
1731344
1731345
1731346
1734822
1742086
1742087
1742088
1742089
1742090
1742091
1742092
1742093
1742094
1742095
1744803
1749121
1763610
1783636
1783641
1792241
1792242
1792243
1792244
1792245
1792246
1792247
1792248
1792249
1793479
1794598
1796138
1796475
1796496
1797309
1797603
1808927
1808970
1809560
1809580
1809581
1831356
1831357
1846502
1846503
1846504
1846505
1846506
1846507
1846752
1846753
1846754
1846755
1846756
1846757
